1018598
1021330
1021830
1025365
1026271
1034600
1046391
1057051
1062544
1066482
1068134
1077499
1091174
1096468
1096631
1098941
1100031
1107785
1108446
1114619
1123996
1126146
1145M29
114B1F0
1152105
1163842
1176745
11790J1
1182289
1183001
1192948
119BLM0
2100181
2100LRP
2101201
2101303
2201022
2201450
2201606
2202010
2202102
2202202
2202402
2202578
2202690
2202801
2203055
2203911
2204110
2300501
2300710
2300904
2301010
2301102
2301153
2302337
2303405
2400399
2400577
2400601
2400636
2400637
2402354
2402360
2402546
2402592
2402596
2403054
2403206
2403497
2403855
2403945
2502505
3011240
3012209
3016124
3016GF0
3017282
3025481
3030QLP
3031094
3033890
3034485
3050519
3053536
3060330
3062697
3063686
306GE70
3072655
3072921
3075041
4015322
4016699
4019073
401HP5R
4028060
4043899
4045607
4047644
4056243
4057152
4063605
4064149
4067799
406N0NM
406QLD0
4083324
5010490
5022791
5023262
5030203
5031041
5040689
5050920
5052890
5060605
5060999
5061374
5061645
5061649
5062040
5062921
6010740
6014351
6015026
6016298
6016971
6017401
6020LPQ
6032125
6034073
6037800
6041110
6042718
6046768
6048262
6057591
6059413
6061365
6065006
6068153
6072223
6073980
6075425
6075543
6078282
6085680
6100971
6101874
6104142
6105978
610FC98
6111769
6116257
6117684
6119498
6127510
6139530
6142400
6144473
6147188
6150689
6151061
6155878
6158355
6166456
7014160
7018001
7018562
701Q004
701Q009
7024280
7024745
7028754
702FHL8
7034482
7040815
7044328
7045401
7047911
704S001
7052601
7056068
7056202
7056616
705S002
7063370
7065639
7086716
7093716
7094637
7098603
7103280
7113535
7117824
8100506
8101303
8101605
8103201
8104901
8200774
8200828
8201001
8202592
8202810
8203702
8205092
8205701
8206240
8206491
8300301
8401000
8401300
8401500
8401705
8402520
8402544
8402980
8403389
8403603
8403820
8501106
8501900
8502400
8502592
8502799
