43.666667 -79.416667 0 5213000 0 CITY Toronto
45.5 -73.583333 0 3678000 0 CITY Montréal
49.25 -123.133333 0 2313328 0 CITY Vancouver
45.416667 -75.7 0 1145000 0 CITY Ottawa
51.083333 -114.083333 0 1110000 0 CITY Calgary
53.55 -113.5 0 1058000 0 CITY Edmonton
43.256101 -79.857484 0 721053 0 CITY Hamilton
49.883333 -97.166667 0 632063 0 CITY Winnipeg
46.8 -71.25 0 624177 0 CITY Québec
43.9 -78.866667 0 450963 0 CITY Oshawa
43.446976 -80.472484 0 417001 0 CITY Kitchener
44.65 -63.6 0 359111 0 CITY Halifax
42.983333 -81.25 0 346765 0 CITY London
42.301649 -83.030744 0 319246 0 CITY Windsor
48.450234 -123.343529 0 289625 0 CITY Victoria
52.133333 -106.666667 0 198958 0 CITY Saskatoon
44.383333 -79.7 0 182041 0 CITY Barrie
50.45 -104.616667 0 176183 0 CITY Regina
46.5 -80.966667 0 157857 0 CITY Sudbury
49.05 -122.3 0 151683 0 CITY Abbotsford
42.978417 -82.388177 0 144172 0 CITY Sarnia
45.4 -71.9 0 139652 0 CITY Sherbrooke
47.55 -52.666667 0 131469 0 CITY Saint-John’s
49.9 -119.483333 0 125109 0 CITY Kelowna
46.35 -72.55 0 119693 0 CITY Trois-Rivières
44.3 -76.566667 0 114195 0 CITY Kingston
48.4 -89.233333 0 99334 0 CITY Thunder-Bay
46.09652 -64.79757 0 90635 0 CITY Moncton
45.230798 -66.095316 0 87857 0 CITY Saint-John
49.15 -123.916667 0 84905 0 CITY Nanaimo
44.3 -78.333333 0 83627 0 CITY Peterborough
45.766667 -74.0 0 78439 0 CITY Saint-Jérôme
52.266667 -113.8 0 74857 0 CITY Red-Deer
49.7 -112.833333 0 70617 0 CITY Lethbridge
50.666667 -120.333333 0 68714 0 CITY Kamloops
53.916667 -122.766667 0 65558 0 CITY Prince-George
50.033333 -110.683333 0 63138 0 CITY Medicine-Hat
45.883333 -72.483333 0 59489 0 CITY Drummondville
48.45 -71.066667 0 53940 0 CITY Chicoutimi
45.910648 -66.658649 0 52337 0 CITY Fredericton
49.166667 -121.95 0 51942 0 CITY Chilliwack
46.3 -79.45 0 50170 0 CITY North-Bay
46.528557 -72.751453 0 49161 0 CITY Shawinigan-Sud
45.016667 -74.733333 0 48821 0 CITY Cornwall
46.034 -73.441 0 45361 0 CITY Joliette
44.166667 -77.383333 0 43990 0 CITY Belleville
46.238225 -63.139481 0 42402 0 CITY Charlottetown
46.063106 -71.958802 0 41500 0 CITY Victoriaville
55.166667 -118.8 0 41462 0 CITY Grande-Prairie
49.5 -119.583333 0 37721 0 CITY Penticton
46.15 -60.166667 0 37538 0 CITY Sydney
44.6 -79.416667 0 37483 0 CITY Orillia
48.433333 -68.516667 0 35584 0 CITY Rimouski
48.466667 -81.333333 0 34974 0 CITY Timmins
53.2 -105.75 0 34609 0 CITY Prince-Albert
50.016667 -125.25 0 33430 0 CITY Campbell-River
49.683333 -125.0 0 32793 0 CITY Courtenay
43.916366 -80.096671 0 32640 0 CITY Orangeville
50.4 -105.55 0 32166 0 CITY Moose-Jaw
49.833333 -99.95 0 28418 0 CITY Brandon
44.594958 -75.682133 0 26458 0 CITY Brockville
46.116667 -70.683333 0 26149 0 CITY Saint-Georges
50.2 -66.383333 0 25686 0 CITY Sept-Îles
48.25 -79.016667 0 24602 0 CITY Rouyn-Noranda
60.716667 -135.05 0 23276 0 CITY Whitehorse
44.566667 -80.85 0 22625 0 CITY Owen-Sound
56.733333 -111.383333 0 21863 0 CITY Fort-McMurray
48.95 -57.933333 0 20791 0 CITY Corner-Brook
48.116667 -77.766667 0 20625 0 CITY Val-d’Or
45.583333 -62.633333 0 20322 0 CITY New-Glasgow
54.5 -128.583333 0 19443 0 CITY Terrace
52.766667 -108.283333 0 19440 0 CITY North-Battleford
62.45 -114.35 0 19234 0 CITY Yellowknife
56.25 -120.833333 0 18776 0 CITY Fort-Saint-John
49.516667 -115.766667 0 18610 0 CITY Cranbrook
47.36226 -68.327874 0 17894 0 CITY Edmundston
47.833333 -69.533333 0 16403 0 CITY Rivière-du-Loup
53.016667 -112.816667 0 15808 0 CITY Camrose
45.816667 -77.116667 0 15551 0 CITY Pembroke
51.216667 -102.466667 0 15172 0 CITY Yorkton
50.283333 -107.766667 0 14906 0 CITY Swift-Current
54.316667 -130.333333 0 14708 0 CITY Prince-Rupert
52.116667 -122.15 0 14168 0 CITY Williams-Lake
50.566667 -111.9 0 14163 0 CITY Brooks
52.983333 -122.483333 0 13788 0 CITY Quesnel
55.75 -97.866667 0 13727 0 CITY Thompson
48.866667 -72.233333 0 13337 0 CITY Dolbeau
49.883333 -124.55 0 12779 0 CITY Powell-River
52.966667 -113.383333 0 11823 0 CITY Wetaskiwin
49.483333 -117.283333 0 11779 0 CITY Nelson
46.55 -75.5 0 11642 0 CITY Mont-Laurier
49.766667 -94.466667 0 10852 0 CITY Kenora
55.766667 -120.233333 0 10802 0 CITY Dawson-Creek
48.566667 -78.116667 0 10516 0 CITY Amos
49.216667 -68.15 0 10435 0 CITY Baie-Comeau
53.4 -117.583333 0 10265 0 CITY Hinton
50.15 -96.883333 0 9986 0 CITY Selkirk
49.516667 -96.683333 0 9729 0 CITY Steinbach
49.666667 -103.85 0 9362 0 CITY Weyburn
45.830019 -64.210024 0 9336 0 CITY Amherst
49.416667 -82.433333 0 9240 0 CITY Kapuskasing
51.15 -100.05 0 9077 0 CITY Dauphin
49.783333 -92.833333 0 7862 0 CITY Dryden
51.0 -118.183333 0 7668 0 CITY Revelstoke
53.3 -60.3 0 7572 0 CITY Happy-Valley
51.166667 -115.566667 0 7502 0 CITY Banff
43.833965 -66.113926 0 7500 0 CITY Yarmouth
48.8 -79.2 0 7206 0 CITY La-Sarre
45.333333 -80.033333 0 7105 0 CITY Parry-Sound
48.55 -58.566667 0 7054 0 CITY Stephenville
45.616667 -61.966667 0 6739 0 CITY Antigonish
54.766667 -101.883333 0 6393 0 CITY Flin-Flon
58.816667 -122.533333 0 6315 0 CITY Fort-Nelson
54.766667 -127.166667 0 6245 0 CITY Smithers
63.733333 -68.5 0 6124 0 CITY Iqaluit
47.558376 -65.656517 0 6111 0 CITY Bathurst
53.816667 -101.233333 0 6055 0 CITY The-Pas
53.966667 -97.833333 0 6000 0 CITY Norway-House
54.129722 -108.434722 0 5882 0 CITY Meadow-Lake
53.5 -112.05 0 5813 0 CITY Vegreville
52.333333 -112.683333 0 5494 0 CITY Stettler
56.233333 -117.283333 0 5340 0 CITY Peace-River
47.5 -79.666667 0 5203 0 CITY New-Liskeard
49.7 -83.666667 0 5043 0 CITY Hearst
49.1 -116.516667 0 4816 0 CITY Creston
48.75 -86.366667 0 4627 0 CITY Marathon
49.066667 -81.016667 0 4441 0 CITY Cochrane
51.466667 -109.133333 0 4383 0 CITY Kindersley
44.038414 -64.718433 0 4331 0 CITY Liverpool
50.933333 -102.8 0 4279 0 CITY Melville
47.566667 -59.15 0 4220 0 CITY Channel-Port-aux-Basques
49.183333 -57.433333 0 4163 0 CITY Deer-Lake
51.233333 -58.65 0 3961 0 CITY Saint-Augustin
44.578466 -65.783525 0 3949 0 CITY Digby
52.883333 -118.083333 0 3907 0 CITY Jasper
60.85 -115.7 0 3900 0 CITY Hay-River
44.958995 -64.144786 0 3864 0 CITY Windsor
55.1 -105.3 0 3783 0 CITY La-Ronge
52.616667 -94.066667 0 3743 0 CITY Deer-Lake
48.833333 -64.483333 0 3677 0 CITY Gaspé
48.75 -91.616667 0 3625 0 CITY Atikokan
48.95 -54.55 0 3345 0 CITY Gander
58.716667 -111.15 0 3222 0 CITY Fort-Chipewyan
43.753356 -65.246074 0 3167 0 CITY Shelburne
68.35 -133.7 0 3022 0 CITY Inuvik
54.771944 -111.964722 0 2986 0 CITY Lac-La-Biche
50.683333 -121.933333 0 2893 0 CITY Lillooet
47.833333 -83.4 0 2663 0 CITY Chapleau
54.216667 -125.766667 0 2635 0 CITY Burns-Lake
50.633333 -97.0 0 2623 0 CITY Gimli
54.716667 -113.266667 0 2539 0 CITY Athabasca
55.8 -98.85 0 2500 0 CITY Nelson-House
62.816667 -92.083333 0 2472 0 CITY Rankin-Inlet
50.716667 -127.5 0 2295 0 CITY Port-Hardy
52.05 -107.983333 0 2192 0 CITY Biggar
44.733333 -81.133333 0 2182 0 CITY Wiarton
47.99473 -84.77002 0 2174 0 CITY Wawa
52.85 -102.383333 0 2157 0 CITY Hudson-Bay
49.75 -77.633333 0 1966 0 CITY Matagami
61.116667 -94.05 0 1868 0 CITY Arviat
52.916667 -82.433333 0 1802 0 CITY Attawapiskat
51.033333 -93.833333 0 1765 0 CITY Red-Lake
51.266667 -80.65 0 1725 0 CITY Moosonee
49.133333 -125.9 0 1655 0 CITY Tofino
69.4 -81.8 0 1612 0 CITY Igloolik
58.45334 -78.102493 0 1597 0 CITY Inukjuak
45.966667 -81.933333 0 1595 0 CITY Little-Current
64.316667 -96.016667 0 1584 0 CITY Baker-Lake
72.7 -78.0 0 1549 0 CITY Pond-Inlet
49.083333 -66.683333 0 1484 0 CITY Cap-Chat
69.116667 -105.033333 0 1477 0 CITY Cambridge-Bay
46.25 -83.55 0 1464 0 CITY Thessalon
52.166667 -128.133333 0 1400 0 CITY New-Bella-Bella
47.383333 -79.683333 0 1372 0 CITY Cobalt
64.233333 -76.55 0 1326 0 CITY Cape-Dorset
66.133333 -65.75 0 1320 0 CITY Pangnirtung
64.066667 -139.45 0 1319 0 CITY West-Dawson
67.833333 -115.083333 0 1302 0 CITY Kugluktuk
49.716667 -86.966667 0 1290 0 CITY Geraldton
56.35 -94.7 0 1281 0 CITY Gillam
58.1 -68.4 0 1273 0 CITY Kuujjuaq
51.433333 -116.183333 0 1248 0 CITY Lake-Louise
49.016667 -88.25 0 1204 0 CITY Nipigon
56.55 -61.683333 0 1151 0 CITY Nain
68.633333 -95.916667 0 1109 0 CITY Gjoa-Haven
67.433333 -134.866667 0 1069 0 CITY Fort-McPherson
47.3 -54.0 0 1063 0 CITY Argentia
65.283333 -126.85 0 1027 0 CITY Norman-Wells
58.766667 -94.166667 0 1000 0 CITY Churchill
66.516667 -86.233333 0 1000 0 CITY Repulse-Bay
69.45 -133.066667 0 929 0 CITY Tuktoyaktuk
52.366667 -97.033333 0 892 0 CITY Berens-River
55.85 -92.083333 0 870 0 CITY Shamattawa
46.1 -60.75 0 852 0 CITY Baddeck
64.133333 -83.166667 0 834 0 CITY Coral-Harbour
49.966667 -55.583333 0 817 0 CITY La-Scie
60.116667 -128.8 0 802 0 CITY Watson-Lake
69.533333 -93.533333 0 774 0 CITY Taloyoak
50.183333 -61.816667 0 722 0 CITY Natashquan
48.816667 -56.866667 0 685 0 CITY Buchans
68.766667 -81.2 0 654 0 CITY Hall-Beach
73.033333 -85.166667 0 604 0 CITY Arctic-Bay
66.266667 -128.633333 0 597 0 CITY Fort-Good-Hope
50.3 -64.016667 0 588 0 CITY Mingan
60.016667 -70.033333 0 549 0 CITY Kangirsuk
53.239111 -131.818769 0 538 0 CITY Sandspit
65.183333 -123.416667 0 525 0 CITY Délįne
60.0 -111.883333 0 518 0 CITY Fort-Smith
53.7 -57.016667 0 505 0 CITY Cartwright
70.733333 -117.75 0 500 0 CITY Holman
56.85 -101.05 0 482 0 CITY Lynn-Lake
54.8 -66.816667 0 471 0 CITY Schefferville
49.483333 -58.116667 0 452 0 CITY Trout-River
51.45 -56.95 0 448 0 CITY Forteau-Bay
61.166667 -113.683333 0 448 0 CITY Fort-Resolution
55.45 -60.216667 0 442 0 CITY Hopedale
55.733333 -101.316667 0 431 0 CITY Pukatawagan
46.733333 -53.366667 0 398 0 CITY Trepassey
62.85 -69.883333 0 385 0 CITY Kimmirut
63.333333 -90.7 0 374 0 CITY Chesterfield-Inlet
52.233333 -78.516667 0 335 0 CITY Eastmain
58.476697 -129.96146 0 303 0 CITY Dease-Lake
69.383333 -123.983333 0 294 0 CITY Paulatuk
61.85 -121.333333 0 283 0 CITY Fort-Simpson
57.883333 -101.666667 0 278 0 CITY Brochet
51.716667 -91.8 0 277 0 CITY Cat-Lake
53.783333 -77.616667 0 270 0 CITY Radisson
49.816667 -64.35 0 263 0 CITY Port-Menier
74.683333 -94.9 0 250 0 CITY Resolute
51.383333 -55.6 0 224 0 CITY Saint-Anthony
52.533333 -56.3 0 197 0 CITY Port-Hope-Simpson
54.95 -95.266667 0 184 0 CITY Oxford-House
67.433333 -133.75 0 175 0 CITY Tsiigehtchic
62.416667 -77.9 0 156 0 CITY Ivujivik
59.266667 -105.833333 0 152 0 CITY Stony-Rapids
82.483333 -62.25 0 125 0 CITY Alert
55.983333 -87.65 0 125 0 CITY Fort-Severn
54.166667 -58.433333 0 124 0 CITY Rigolet
52.216667 -87.883333 0 120 0 CITY Lansdowne-House
62.2 -75.633333 0 106 0 CITY Salluit
62.4 -110.733333 0 102 0 CITY Łutselk’e
59.566667 -108.616667 0 89 0 CITY Uranium-City
61.35 -139.0 0 73 0 CITY Burwash-Landing
76.416667 -82.95 0 23 0 CITY Grise-Fiord
52.95 -89.883333 0 10 0 CITY Big-Beaverhouse
53.966667 -94.766667 0 10 0 CITY Island-Lake
61.133333 -100.883333 0 0 0 CITY Ennadai
