43.9 -78.866667 6158409 450963 0 CITY Oshawa
43.446976 -80.472484 6144239 417001 0 CITY Kitchener
46.5 -80.966667 6068145 157857 0 CITY Sudbury
49.166667 -121.95 1100119 51942 0 CITY Chilliwack
44.166667 -77.383333 6158872 43990 0 CITY Belleville
45.583333 -62.633333 8201001 20322 0 CITY New-Glasgow
55.75 -97.866667 5060622 13727 0 CITY Thompson
50.15 -96.883333 5023262 9986 0 CITY Selkirk
54.766667 -101.883333 5050919 6393 0 CITY Flin-Flon
52.333333 -112.683333 3024668 5494 0 CITY Stettler
55.8 -98.85 5060622 2500 0 CITY Nelson-House
52.05 -107.983333 4046884 2192 0 CITY Biggar
52.916667 -82.433333 6075435 1802 0 CITY Attawapiskat
51.266667 -80.65 6075435 1725 0 CITY Moosonee
45.966667 -81.933333 605DJ25 1595 0 CITY Little-Current
52.166667 -128.133333 1065010 1400 0 CITY New-Bella-Bella
74.683333 -94.9 2403498 250 0 CITY Resolute
61.133333 -100.883333 5061645 0 0 CITY Ennadai
