1012710
1014820
1016995
1017099
1017101
1017230
1017254
1018598
1018611
1018621
1020590
1021261
1021270
1021330
1021830
1022689
1022795
1025365
1025369
1026271
1027403
102BFHH
1031316
1032730
1032731
1034600
1035614
1036570
1036572
1036B06
1037090
1037553
1038205
1038210
1043152
1045100
10459NN
1046391
1046392
1046396
1047172
10476F0
1048898
1051351
1054222
1054500
1054503
1056869
1057051
1057052
1060080
1060844
1060848
1060902
1060R0K
1061458
1062251
1063298
1063303
1063461
1064020
1064321
1065010
1066482
1067748
1068131
1068134
1077499
1077501
107G879
1085836
1086081
1086082
1086558
1088015
1091174
1092975
1096439
1096453
1096468
1096629
1096631
1097646
1098941
1100031
1100032
1100119
1100875
1101300
1105658
1106178
1106200
1106CL2
1107010
1108380
1108395
1108446
1108824
1108906
1108910
1113542
1113543
1113581
1114619
1114738
1114746
1123939
1123996
1125073
1125852
1126146
1126510
1126518
1128582
1128583
1128584
112FN0M
112G8L1
1140876
1141457
1141460
1142574
1145297
1145442
1145460
1145M29
1148705
114B1F0
114EMDM
1152105
1152106
1154410
1157630
1157631
1157635
1160899
1160902
1160H99
1161650
1161662
1161663
1163781
1163842
1168204
1168520
116FRMN
1173210
1173214
1173220
1175122
1176745
1176755
11790J1
1181513
1182289
1183001
1184791
1184793
1192341
1192946
1192948
119BLM0
1200560
1206197
2100155
2100181
2100301
2100407
2100518
2100527
2100630
2100636
2100660
2100693
2100697
2100701
2100702
2100805
2100807
2100840
2100935
2100950
2100LRP
2101095
2101102
2101106
2101201
2101202
2101204
2101303
2101310
2200105
2200675
2200824
2201022
2201023
22010H0
2201406
2201450
2201579
2201581
2201606
2201705
2201799
2201903
2202010
2202102
2202103
2202104
2202201
2202202
2202203
2202401
2202402
2202403
2202571
2202578
2202678
2202690
2202801
2202810
2203055
2203058
2203095
2203342
2203359
2203911
2203914
2203918
2204005
2204101
2204110
220B6Q3
220N003
220N005
2300427
2300501
2300503
2300504
2300710
2300903
2300904
2300905
2301004
2301010
2301153
2302337
2302340
2303094
2303095
2303405
2303610
2303685
2303990
2400399
2400404
2400573
2400577
2400601
2400602
2400603
2400636
2400637
2400697
2400802
2400804
2402351
2402353
2402354
2402360
2402546
2402592
2402596
2403049
2403054
2403204
2403206
2403450
2403505
2403625
2403756
2403855
2403856
2403945
2502503
2502505
2503648
2503649
250M001
3010010
3010237
3010730
3010816
3010979
3011240
3011815
3011887
3012206
3012209
3012212
3012216
301222F
3012275
3012653
3012710
3013340
3013362
3013640
3013921
3013959
3013961
3014665
3014921
3015401
3015523
3015676
3016022
3016505
3016655
3016802
3016841
3016860
3016GF0
3017282
301A001
301B460
301S001
3020035
3021912
30221LG
3023402
3023722
3023740
3024668
3024925
3024965
3025243
3025481
3025768
3026479
3026KNQ
3030525
3030720
3030768
3030772
3030830
3030QLP
3031092
3031094
3031322
3031402
3031480
3031640
3032422
3032550
3032642
3032801
3033498
3033875
3033890
3033897
3034479
3034485
3034795
3035198
3035208
3035340
3035422
3035650
3035845
3036205
3036682
3037675
3042045
3044232
3044533
3044923
3050519
3050602
3050778
3051R4R
3053536
3054843
3055119
3056214
3057376
305MGFF
3060330
3060406
3060535
3061201
3061350
3061975
3062239
3062246
3062660
3062696
3062697
3063135
3063165
3063686
3064528
3065475
3065995
3065997
306GE70
3070600
3071661
3071957
3072246
3072525
3072655
3072659
3072723
3072921
3073071
3073140
3073146
3074190
3074935
3075041
3075160
3075488
3076366
3076680
3081680
4010811
4010879
4010984
4012403
4012410
4013480
4013660
4014040
4014145
4014156
4014322
4015322
4015440
4015800
4016322
4016566
4016699
4018642
4019041
4019073
4019075
40190LN
401HP5R
4020286
4020560
4022359
4024714
4024919
4026847
4028038
4028060
402DAF0
40318MN
4031999
4032322
4034910
4036844
4038412
4041000
4043899
4043901
4045607
4045695
4046884
4047240
4048521
4055079
4055736
4056121
4056241
4056243
4057152
4057165
4060983
4060988
4061620
4061632
4063605
4063753
4063757
4064149
4064155
4064620
4065063
4067655
4067723
4067799
4068559
406N0NM
406QLD0
4075525
407N51G
4083324
5010481
5010490
5010547
5010641
5012324
5012469
5012654
5013117
501A7AR
5020881
5021220
5021695
5021849
5022125
5022759
5023227
5023262
502I001
502S001
5030203
5030204
5030984
50309J6
5031041
5031042
5031201
5031320
5031A10
5032951
503B1ER
5040681
5040689
5040FJ3
5043158
504K0NM
504K80K
5050919
5050973
5052890
5060605
5060608
5060622
5060999
5061025
5061374
5061422
5061645
5061649
5062040
5062835
6010735
6010740
6012199
6014351
6014353
6015026
6016295
6016298
6016525
6016528
6016971
6017401
6020559
6020LPQ
6022474
6032125
6034073
6034076
6036907
6037776
6037800
6040325
6041110
6041222
6042717
6042718
6042719
6046768
6048262
6048268
6049095
6049443
6057591
6059413
605DJ25
6061365
6068145
6072223
6072230
6073976
6073978
6073980
6074211
6075420
6075543
6078282
6080192
6085680
6085695
6092919
6092920
6093005
6100971
6101874
6102J13
6103367
6104027
6104142
6104725
6105978
6106001
6106396
610FC98
6110607
6111769
6111792
6114295
6115529
6116257
6117684
6117700
6119498
6119499
611B002
611E001
6122847
6127510
6127519
6131983
6133362
6134190
6135583
6136606
6136699
6137154
6137304
6137362
6139148
6139449
6139530
613F606
613KLLM
613P001
6142286
6142400
6144239
6144473
6144478
6145504
6151061
6151684
6153193
6156559
6158355
6158359
6158409
6158731
6158872
6158875
6166415
6166456
616I001
7011983
7014160
7015791
7016293
7018001
7018561
7018562
7018563
701Q004
701Q009
701S001
7022579
7022802
7024280
7024745
7025442
7027039
7027329
7028123
7028442
7028754
702FHL8
702FQLF
702LED4
702S006
7033121
7034482
703GDKB
7040442
7040444
7040815
7040816
7041100
7041312
7041382
7041JG6
7042395
7042845
7043019
7043B79
7043BP9
7044328
7045398
7045401
7046059
7047911
7047914
704C64L
704F0PN
704S001
7051163
7051201
7052601
7052602
7053038
7053254
7053KGR
7054096
7055121
7055122
7055422
7056068
7056202
7056616
705S002
7060400
7061288
7063370
7064181
7065639
7065738
7066686
7066687
706I001
706I155
706Q001
7075800
7077571
707DBD4
7080468
7086716
7086719
7091299
7091409
7091410
7093714
7093716
7093GJ5
7094636
7094637
7098603
7103280
7103537
7103539
710S005
7113535
7117823
7117824
8100300
8100467
8100506
8100593
8100885
8100989
8101201
8101303
8101505
8101605
8101794
8101925
8102326
8103050
8103201
8103202
8104201
8104901
8105210
8105600
8105603
8200558
8200604
8200828
8201001
8201390
8202000
8202251
8202318
8202502
8202592
8202810
8203163
8203702
8204402
8204703
8204708
8204800
8204909
8205092
8205701
8205702
8205703
8205895
8206240
8206491
8206495
8206496
8300301
8300418
8300516
8300562
8300590
8300596
830P001
8400601
8400801
8401000
8401295
8401298
8401300
8401405
8401500
8401502
8401538
8401565
8401703
8401705
8402520
8402544
8402980
8403389
8403399
8403603
8403619
8403690
8403801
8403820
8403851
8404025
8404242
8404343
840B053
8501106
8501130
8501131
8501900
8502400
8502592
8502799
8502810
8504177
